提取HOG特征，不同连接数对应的精确率和训练耗时对比：

HOG特征的可视化比较困难，因此没有做可视化。

(连接数，精确率，训练耗时)

(200, 97.62333333333333, 12.957071)
(300, 97.91000000000001, 15.324063)
(400, 98.17999999999999, 17.829860)
(500, 98.30666666666667, 20.950574)
(600, 98.48333333333333, 24.481099)
(700, 98.55, 28.482168)
(800, 98.62333333333333, 32.746901)
(900, 98.65333333333332, 37.356052)
(1000, 98.65000000000002, 42.545855)

由于ELM模型的特点，每次训练时随机地连接制定数目的神经元，
因此一次存在偶然性，所以训练5次取平均。

结论：
　　训练样本和测试样本均来自同样的mnist测试集，训练过程中可能会导致过拟合。
    固定HOG特征参数下，输出的特征向量维数是324，可以看出随着连接数的增加，正确率是一直是在单调递增的。
    由于pc性能限制，无法再做更大规模的测试了。
